NAME = AISearchfile048,
SIZE = 48,
836,1828,744,2136,1244,528,362,410,608,1107,257,317,1320,521,387,115,1010,781,178,2699,1070,703,467,2108,1479,919,259,1306,375,483,1137,1298,660,445,949,853,779,738,2117,205,715,472,1590,743,330,1499,344,
999,1235,1612,1089,129,188,690,669,2412,290,744,1264,607,636,644,1049,1199,605,1744,1399,803,559,1614,1018,866,1272,1903,335,197,617,1356,820,2339,999,1560,757,2435,701,397,1105,937,557,1473,1094,2145,538,
1087,1362,1094,320,1829,479,469,2165,624,1519,865,1144,1162,950,304,222,1511,1490,699,1025,667,229,1171,1425,273,2377,252,697,610,1480,884,872,546,1157,891,2010,678,1163,1183,1052,1479,400,663,2083,177,
823,1430,1256,252,882,1105,1252,1238,1720,189,1729,617,503,828,631,1051,896,1207,949,444,1961,1122,1291,792,882,1148,882,516,802,1584,1039,959,552,1110,1600,1359,1011,999,849,702,1507,1204,1776,507,
552,623,476,293,712,1950,400,1335,986,166,987,541,1229,554,214,1926,863,1092,1061,1146,838,1735,1486,645,992,655,1159,831,440,1643,216,932,1129,220,2408,1317,927,1119,1995,370,1095,1137,429,
279,328,451,666,2172,1556,685,360,1753,2099,666,582,585,783,2568,503,1341,400,2059,1494,985,83,1698,758,1727,1836,562,2394,271,443,598,1038,1472,2428,1579,1299,1019,973,881,1184,330,1007,
939,337,1479,2290,1213,350,803,1282,1453,217,484,420,812,1483,1137,630,262,1240,864,369,1603,1461,879,214,482,667,882,1698,902,674,485,354,1021,604,1100,590,521,384,410,2202,976,
915,312,947,319,480,826,883,1568,1275,818,311,907,940,331,90,309,1709,188,594,435,642,726,1309,1033,1178,1254,1441,343,741,1038,1828,1467,780,483,107,500,803,269,1857,316,
1086,1985,816,483,1143,1058,371,543,723,552,862,2091,456,813,547,969,260,388,325,428,524,943,723,664,478,2085,1214,591,740,1403,1376,1259,325,869,913,847,649,663,780,
2540,1361,358,1131,526,1845,630,547,983,776,967,649,939,966,1744,1815,623,1051,490,1222,1029,1082,1359,680,424,443,236,318,303,1737,706,833,1673,924,355,827,872,504,
2055,1371,1475,686,1583,1633,1427,2115,2385,2013,982,1497,685,1888,2066,2445,1005,1576,1759,2156,1885,1758,2708,2425,1836,945,825,177,2493,1286,1969,2063,1239,1969,2439,1304,1849,
790,155,918,953,1280,651,1183,1123,995,1009,180,796,1704,641,1004,410,1057,454,627,815,937,1178,665,548,921,219,567,1197,235,1447,1326,818,442,316,1453,767,
240,290,1668,549,1713,435,1524,2410,1473,726,1272,550,1092,1138,809,345,506,154,510,2147,402,949,90,1461,749,1553,1724,642,821,1722,572,697,920,1316,721,
622,863,481,263,739,1104,1949,1488,435,1034,1287,713,411,725,510,594,340,443,1802,100,1347,1204,231,428,641,2455,915,1169,1000,426,763,807,887,165,
1699,463,1315,794,703,2405,432,390,1038,768,721,1397,847,491,525,817,669,1171,492,732,123,661,1098,592,2285,586,739,529,488,580,878,598,745,
1492,1972,1402,371,1157,689,579,484,443,1969,504,1829,668,1250,1727,1547,999,1434,1260,925,1398,2089,875,2182,1356,1200,1925,1837,833,1148,1466,1393,
558,803,731,1446,720,928,273,1644,533,839,453,1463,560,916,861,1936,451,1255,1251,216,414,928,1891,846,676,645,579,180,1161,1581,700,
551,1191,2523,908,1198,598,1908,1081,951,182,457,406,473,967,801,1539,1024,504,972,1073,2281,1114,569,892,1640,653,1878,1654,1263,1185,
235,2594,197,588,1589,1752,1210,609,308,774,1421,470,739,1897,618,1726,1283,1231,1173,1187,1395,1300,1286,476,1152,173,358,1794,1369,
2043,985,700,568,1489,748,708,699,220,543,1119,630,742,511,983,805,396,1157,1508,2026,642,939,792,355,413,862,2300,1056,
1645,1802,2139,1176,2301,534,600,904,1584,1858,347,1550,1429,2166,1688,930,1963,781,1184,1506,2374,2264,2121,653,1986,2300,2571,
1079,455,2237,1604,831,821,902,341,455,1017,959,770,1181,374,676,1493,998,1872,285,1219,1023,1796,1467,879,1749,626,
291,1166,1905,930,814,296,334,525,626,1745,1551,1111,596,548,721,739,2734,1060,1605,981,973,1501,334,1499,581,
1865,662,811,1723,942,242,704,238,492,254,795,751,1023,240,264,668,679,660,354,231,875,392,1057,466,
1508,1500,727,2266,1898,1796,1650,1239,1019,826,1717,335,2179,1718,1030,1573,1890,2139,940,290,2520,2204,2151,
957,761,609,1420,1560,1022,292,632,1760,1631,853,646,514,973,405,570,652,1374,2421,482,1592,1097,
140,1008,690,1780,309,1809,1761,736,235,486,454,1835,2367,972,879,1972,1525,1338,96,1446,361,
330,1082,815,632,1941,699,919,1156,1353,587,2238,1787,745,676,1861,983,776,1227,1036,755,
2237,665,414,396,996,130,495,1327,429,138,2082,1210,1621,426,1056,776,905,356,695,
1169,798,2049,1304,1333,641,352,1251,194,1975,919,1580,393,2072,740,1212,1049,369,
617,182,499,848,459,550,902,1326,1972,397,1032,325,238,161,1023,1456,251,
2119,1049,952,1364,626,670,1212,1943,1114,1315,583,358,819,837,1225,760,
1983,604,2203,442,1240,1042,1938,2198,2596,1374,2485,1427,882,1783,1438,
968,681,1531,587,268,2380,563,940,267,1496,1226,1370,1508,1457,
1188,813,1152,898,1681,652,482,1241,1763,326,1087,1906,1716,
1176,613,923,959,847,701,238,229,1125,1124,346,516,
1163,604,678,582,1266,917,341,361,515,588,917,
1021,2101,1149,936,851,1692,578,453,1607,894,
1475,2336,1038,796,603,519,861,595,2044,
2114,1506,145,1785,2138,1867,2333,1369,
754,835,961,820,565,1155,1153,
225,533,1114,567,586,947,
1335,1580,1358,1280,1617,
1252,1291,1690,1552,
1474,1982,227,
1017,1769,
357