NAME = AISearchfile021,
SIZE = 21,
160,475,345,405,205,570,91,365,865,97,395,285,415,120,215,385,605,67,280,400,
430,575,600,125,63,175,155,705,640,150,555,535,380,440,200,240,440,240,320,
600,485,475,110,495,280,590,500,425,645,120,295,380,155,240,91,105,175,
160,265,465,415,380,81,455,480,480,295,440,625,245,170,435,340,440,
750,170,375,240,265,125,240,495,87,235,170,525,315,220,140,445,
230,715,125,420,165,140,480,650,200,270,310,475,235,480,255,
78,700,605,130,390,625,320,605,310,480,96,320,280,150,
350,250,285,205,515,635,350,190,585,355,430,165,435,
360,320,515,585,370,370,420,590,625,68,185,370,
835,205,655,480,520,660,610,545,610,370,235,
170,615,36,490,77,540,29,27,345,680,
255,220,100,290,255,155,220,380,590,
585,750,345,775,190,235,350,755,
425,545,390,510,300,305,385,
690,460,390,575,310,350,
180,225,430,495,450,
350,48,380,265,
90,150,485,
505,650,
280