NAME = AISearchfile058,
SIZE = 58,
4041,300,1356,1505,4002,1293,2686,3319,1475,1444,2899,1802,1016,4503,4604,4004,606,3828,1638,229,965,4065,1352,262,394,1931,4320,1811,547,2293,1493,1959,3716,2624,4971,908,1935,4148,1200,3433,2087,730,257,855,5756,1839,1139,4501,1932,354,2288,1637,2082,1423,4128,1849,4092,
4204,2721,2780,4848,3070,1141,839,2559,2734,1211,2409,3180,800,5330,135,3441,257,2597,4270,3072,1146,2753,4306,3744,2651,297,2740,3639,1750,3065,2068,512,3338,5687,3200,3380,125,3585,953,2414,3371,3784,3316,6472,2568,2649,1582,1889,3935,2217,2209,2130,2658,184,2923,2083,
1489,1882,4144,1635,3082,3490,1637,1606,2986,1967,1240,4673,4678,4155,1494,3999,1795,254,1126,4181,1514,760,771,2076,4491,2072,413,2454,1717,2130,3870,2698,5045,1274,2009,4319,1185,3604,2199,1096,634,1232,5830,1972,1535,4617,2328,312,2400,2033,2243,1584,4504,1797,4208,
407,3145,577,1610,2274,86,243,1434,554,506,3199,3750,2667,702,2527,391,1668,392,2864,170,1717,1059,662,3008,508,802,1093,602,658,2430,1770,4117,528,1081,2836,1118,2388,991,691,1099,722,4902,558,72,3299,856,1340,1087,570,772,170,2985,520,3008,
2902,287,1990,2066,334,158,1557,771,439,3333,3436,2915,909,2575,276,1740,5410,2699,235,1776,1119,546,3067,314,1102,1030,287,706,2713,1451,3803,670,760,2895,578,2182,721,846,1248,791,4588,451,337,3135,2699,1395,922,835,1050,217,2991,279,2730,
2808,4038,4068,3236,2942,3718,3481,3061,4962,544,4701,3535,4549,2761,4505,3190,4328,3083,4408,3752,2513,5060,2959,3579,3385,2590,3060,4316,1456,901,3314,2149,4959,3024,4182,2388,3495,3825,3440,1686,2613,3073,4764,3590,3875,2551,3307,4265,3140,4835,2667,4391,
2058,2356,623,354,2266,949,274,3487,3342,3120,758,2865,447,837,390,2889,523,1564,968,728,3036,599,478,1546,366,996,2878,1362,3709,519,673,3185,520,2470,875,652,1036,640,4494,631,525,3325,1304,708,1112,1023,1225,455,3219,367,2884,
452,1612,1841,259,1275,2057,1647,4572,1267,2324,936,1849,3143,2094,1422,1642,3346,2693,1811,1428,1950,2517,801,2123,1116,669,2582,4929,2083,2624,1256,2627,564,1612,2393,2806,2336,5724,1748,1542,1869,754,2805,1461,1252,1002,1702,1377,2020,2368,
1870,2020,522,1720,2466,1385,4642,815,2727,656,1883,3556,2379,1170,1960,3590,3047,1917,1126,2026,2925,1061,2351,1354,367,2650,4999,2486,2692,954,2871,114,1726,2678,3070,2620,5784,1854,1954,1601,1226,3221,1529,1524,1441,1944,925,2235,2107,
268,1339,339,625,3032,3770,2606,879,2354,416,1693,511,2859,199,1742,1079,692,2846,532,1072,887,688,563,2087,1790,4137,640,1101,2644,1143,1984,983,810,1218,761,4922,588,97,3295,858,1355,1083,523,618,169,2831,543,3006,
2049,567,594,3201,3476,2766,848,2529,148,1672,480,2777,107,1716,1153,419,3021,359,1041,984,329,660,2251,1491,3843,609,941,2849,842,2134,774,1079,1187,730,4628,315,171,3213,1087,1335,1000,669,871,75,2883,287,2934,
1123,1974,1681,4252,1337,2532,1006,2042,3351,1860,1446,1543,3554,2901,1408,1498,1517,2725,1394,2331,851,739,2278,4619,1189,2286,1326,2951,636,1350,2159,2570,2098,5404,1345,1441,1882,962,3033,1199,1460,1210,1435,1447,1878,2390,
971,2804,4015,2267,1210,2204,722,2037,846,2571,533,2073,1420,993,2696,856,1402,600,1014,434,1937,2035,4615,969,1433,2524,1470,1834,1348,1140,1553,1063,5167,889,429,3004,527,1698,1145,184,279,502,2492,852,3236,
3635,3595,3134,482,2975,635,1306,114,3066,502,1350,692,1064,3467,1060,675,1542,705,1106,2878,1615,3962,243,926,3295,524,2580,1109,374,759,364,4747,960,524,3502,1303,968,1289,1022,1231,572,3277,705,3093,
5536,817,3906,1052,3064,4739,3542,634,3209,4774,4116,2846,537,3104,4108,2217,3366,2535,1302,3544,5893,3665,3586,693,3998,1273,2620,3841,4249,3786,6678,2948,3122,1070,2395,4401,2423,2676,2636,3125,681,3129,1571,
5274,4069,5123,3294,4739,3724,4902,3617,4947,4291,3047,5634,3538,4113,3919,3124,3594,4850,1990,1445,3848,2688,5533,3558,4756,2922,4029,4359,3974,2230,3147,3607,5338,4124,4409,3125,3841,4799,3674,4875,3201,4925,
3397,211,2914,4221,3029,1011,2697,4265,3607,2623,366,2875,3590,1876,3185,2089,464,3283,5632,3158,3322,200,3600,931,2359,3328,3736,3451,6417,2563,2595,1451,1834,3883,2162,2339,2265,2793,147,3043,1958,
3236,1037,851,368,3493,756,887,224,1311,4225,1214,283,2243,959,1367,3124,2089,4436,432,1398,3551,788,2841,1495,254,359,189,5221,1214,777,3929,1570,701,1716,1275,1485,826,3531,1039,3500,
2392,4065,2866,1172,2537,4099,3547,2305,549,2535,3434,1545,2860,1863,307,3131,5480,2995,3173,372,3380,770,2211,3165,3579,3110,6265,2406,2444,1608,1684,3730,2010,2004,1925,2453,343,2619,2109,
1783,669,2492,217,1905,1301,282,2884,98,1230,847,432,523,2515,1310,3662,798,894,2712,892,1997,607,968,1381,919,4447,184,319,2928,1095,1423,715,783,1019,227,2746,192,2543,
1192,4243,1580,607,629,2134,4557,1733,435,2510,1783,2196,3936,2759,5106,1138,2070,4385,1438,3670,2265,960,492,1090,5891,2038,1596,4679,2389,273,2466,2094,2309,1650,4362,1863,4274,
3129,388,1236,578,950,3359,846,561,1328,591,1003,2601,1734,4091,129,1041,3187,638,2267,1202,300,711,250,4876,846,408,3565,1347,854,1352,915,1117,458,3163,671,3207,
2770,4036,3683,2213,1171,2470,3616,1994,2732,2493,1425,2910,5259,3315,2952,1233,3365,1284,1986,3428,3816,3430,6044,2314,2791,446,2105,3908,1789,2742,2413,2700,1103,2495,947,
1747,967,497,3162,335,949,992,488,668,2263,1639,3986,517,950,2857,976,2074,880,687,1095,754,4771,389,102,3206,888,942,960,600,802,80,2891,342,3026,
665,2179,4591,2185,818,2654,1827,2230,3987,2957,5304,1177,2266,4589,1471,3706,2358,992,528,1126,6089,2082,1645,4772,2592,562,2559,2151,2353,1694,4399,2093,4363,
1421,4020,1424,176,1901,1169,1577,3334,2300,4648,652,1609,3848,1216,2845,1705,474,137,347,5423,1424,982,4119,1939,479,1906,1480,1695,1036,3741,1249,3710,
2918,234,1511,881,589,557,2166,1062,3414,1078,964,2746,1174,2031,359,1249,1672,1191,4199,112,590,2649,1057,1798,436,817,1248,508,2655,288,2364,
3027,3926,2037,3352,2355,799,3642,5991,3487,3684,190,3872,1240,2718,3658,4171,3603,6776,2855,2936,1607,2176,4222,2521,2496,2417,2945,228,3114,2108,
1407,990,394,666,2635,1193,3860,975,772,2855,1484,2142,490,1127,1557,1096,4645,137,435,2906,1196,1710,693,926,1135,287,2889,194,2636,
1889,1152,1565,3305,2133,4480,709,1444,3754,938,3039,1634,531,290,489,5265,1407,970,4052,1763,213,1839,1468,1678,1019,3724,1232,3643,
1315,324,1278,1939,4286,1450,2553,1865,1835,1175,1238,1627,2040,1671,5071,818,1021,2425,432,2182,1030,554,456,908,1934,1074,2922,
991,2963,1144,3491,720,455,3180,607,2465,754,856,1236,841,4276,498,590,3168,1369,1445,955,1088,1290,560,3214,345,2763,
1600,1609,3961,1126,1442,2183,1511,1260,908,1297,1710,1247,4746,494,586,2929,524,1861,716,260,694,584,2223,750,2824,
2870,5217,2878,2906,627,3399,330,1946,3049,3467,2845,6002,2266,2358,1861,1417,3601,1743,1737,1658,2182,594,2691,2437,
2357,1868,693,3304,1578,2543,932,2044,2379,1989,3142,1162,1622,3346,2139,2429,1133,1861,2819,1694,3417,1216,2941,
4215,3045,5890,3925,5113,3289,4396,4791,4341,785,3514,3969,5695,4708,4776,3482,4208,5166,4041,5766,3568,5298,
1177,3310,767,2600,1332,178,639,124,5000,975,536,3751,1329,984,1538,1044,1246,587,3402,800,3336,
3583,887,2585,974,1353,1686,1298,3830,1063,1009,3388,1972,1740,1175,1488,2128,1004,3459,696,2973,
3846,1068,2617,3486,3899,3431,6675,2683,2764,1669,2004,4050,2420,2324,2245,2773,130,2939,2170,
2905,1383,945,943,888,4720,1076,1046,3801,1989,1288,1588,1771,1755,1096,3734,742,3392,
1619,2566,3184,2736,5676,1968,2068,1715,1340,3335,1422,1638,1557,1844,924,2349,1991,
1507,1838,1452,4074,459,919,2422,1438,1930,209,1174,1608,827,2493,517,2013,
476,138,5181,1145,707,3864,1646,806,1651,1214,1416,757,3462,978,3512,
598,5511,1560,1115,4252,1908,342,2039,1627,1824,1165,3870,1592,3843,
5126,1096,652,3866,1582,940,1653,1165,1342,708,3545,921,3457,
4299,4759,6480,5271,5561,4267,4993,5951,4826,6553,4353,6083,
486,2750,994,1700,537,754,1188,411,2717,239,2464,
3227,8700,1258,1015,498,700,98,2913,448,2936,
2417,4344,2225,3178,2844,3136,1544,2931,806,
2051,1238,498,248,948,1972,1266,3116,
2131,1756,1971,1312,4017,1525,3939,
965,1282,923,2296,718,2120,
257,844,2449,946,3503,
781,2366,1148,3937,
2869,383,2844,
2973,2040,
2522