NAME = AISearchfile017,
SIZE = 17,
36,301,238,142,35,236,390,336,29,121,55,297,96,84,518,153,
175,372,243,282,259,555,249,505,332,338,437,264,27,123,232,
150,326,208,154,572,383,196,542,412,297,227,68,240,169,
108,61,530,80,267,476,685,488,329,112,47,383,120,
74,105,150,145,182,745,336,466,184,211,268,391,
110,324,154,353,528,292,324,250,567,239,352,
134,29,289,349,105,240,309,346,207,34,
63,262,202,196,421,77,83,165,351,
495,483,228,435,390,254,57,633,
364,360,638,444,191,199,402,
157,237,289,472,246,426,
314,91,189,140,661,
95,70,53,578,
439,448,257,
420,287,
202