NAME = AISearchfile175,
SIZE = 175,
259,222,248,289,216,289,241,202,305,277,202,227,200,202,277,202,291,241,277,198,289,248,277,277,256,227,200,205,277,172,289,271,220,220,227,272,289,272,216,185,291,277,202,227,278,181,199,280,272,220,256,277,277,218,320,202,272,204,288,277,320,202,277,99,264,277,248,202,277,277,202,220,272,149,227,277,165,293,272,277,238,256,277,272,264,187,289,227,216,231,289,202,172,277,289,272,220,202,220,198,299,305,207,181,320,241,320,166,128,220,227,239,220,225,202,279,227,189,128,227,277,272,285,185,227,277,277,232,220,277,282,289,207,220,227,207,284,272,202,277,227,284,257,277,277,272,202,209,269,150,299,277,216,224,227,224,175,272,209,225,289,202,289,202,272,189,269,289,300,233,202,202,272,181,
327,193,326,323,245,294,295,241,333,276,329,202,276,333,276,220,340,333,311,347,125,333,333,81,294,183,177,333,295,220,189,189,191,294,202,220,333,167,241,167,333,276,294,333,202,312,347,224,280,276,333,333,276,262,296,196,276,162,340,262,213,202,259,202,354,125,276,347,333,245,253,196,284,321,333,218,333,319,333,134,294,333,274,162,218,274,294,167,333,256,305,295,333,220,266,290,285,326,241,220,193,318,202,306,131,262,243,273,224,294,338,238,329,202,294,311,306,243,149,333,282,333,304,294,333,333,141,208,134,143,220,318,266,294,276,149,196,256,196,301,196,350,333,333,340,276,319,294,284,177,333,193,328,294,328,298,196,174,153,220,269,289,234,282,306,113,304,333,276,289,276,296,301,
320,344,261,344,315,170,367,299,245,129,286,269,246,231,355,261,204,261,344,320,321,259,325,197,286,290,204,215,344,335,289,289,207,329,344,329,298,278,355,204,232,295,342,275,261,336,329,289,324,236,204,299,370,276,329,289,351,204,370,276,341,222,330,204,320,202,204,204,276,289,329,215,129,328,262,356,329,204,312,325,306,329,330,266,344,191,298,261,344,149,239,314,344,329,289,185,261,285,362,367,211,275,370,314,370,249,211,289,285,130,289,160,276,343,137,211,238,305,204,329,349,261,305,269,204,309,289,341,345,344,211,289,222,291,348,334,276,341,158,348,155,335,291,329,259,261,334,239,362,214,298,211,275,211,167,329,293,304,344,276,344,276,329,211,334,344,363,309,276,216,329,261,
319,316,283,236,288,200,284,225,322,172,211,284,239,283,333,284,304,340,170,284,284,193,270,172,193,289,288,283,137,211,211,262,266,283,326,154,185,211,296,238,236,284,189,305,340,266,272,211,284,319,211,314,289,266,211,172,333,314,202,149,248,128,347,170,268,340,304,234,243,266,277,314,284,207,284,311,326,170,236,284,266,132,207,283,274,170,326,283,298,288,284,283,266,283,278,319,174,283,200,310,189,314,170,314,232,264,213,236,331,227,322,193,236,304,299,232,170,284,274,284,296,236,284,311,177,211,193,211,283,310,256,248,211,193,266,245,266,294,266,343,284,284,333,211,311,236,277,193,284,149,321,236,321,290,266,170,170,283,258,283,224,274,299,193,296,284,211,282,254,289,294,
241,234,359,344,366,391,344,359,289,344,391,344,354,241,391,241,149,319,391,391,324,359,285,289,391,280,296,334,282,281,359,274,266,127,296,316,354,391,344,359,391,280,241,149,256,202,344,391,391,344,311,220,319,344,350,391,319,266,340,283,329,391,319,344,391,391,234,226,304,280,359,391,262,391,127,391,311,359,391,202,329,261,202,359,296,241,224,344,262,391,326,213,202,344,241,316,361,366,283,274,162,313,274,253,283,256,359,341,241,316,274,359,359,283,283,304,391,189,391,241,359,391,391,308,270,340,344,311,283,213,359,344,347,333,224,340,359,347,341,391,391,134,344,241,359,262,361,391,296,283,359,283,316,289,291,302,282,220,177,245,189,283,333,149,391,344,220,344,167,241,
241,311,261,364,320,261,279,282,264,320,261,351,140,320,129,241,316,320,320,321,279,282,286,320,166,293,331,279,278,279,271,262,218,293,274,351,320,261,291,338,271,128,229,251,187,321,320,320,295,308,160,316,285,347,320,316,262,337,216,326,320,316,261,320,320,230,221,301,180,279,324,257,352,218,320,308,321,320,218,326,257,241,279,293,127,241,261,163,320,323,218,171,261,87,281,358,364,170,271,278,310,278,232,199,251,281,258,237,220,271,339,279,170,232,301,320,218,345,142,301,320,320,305,266,337,342,308,170,208,279,287,344,330,219,337,279,344,258,331,320,218,261,96,330,180,358,320,293,170,279,170,220,286,288,299,279,205,241,241,218,170,330,241,359,305,173,261,218,148,
359,344,316,391,344,359,289,344,391,344,281,256,391,241,266,241,391,391,242,359,262,220,391,280,202,280,202,202,359,167,149,245,253,316,281,391,344,359,391,280,241,266,134,202,344,391,391,344,224,220,234,344,278,391,234,220,289,283,289,391,241,344,391,391,220,202,213,280,359,391,262,391,224,391,241,359,391,149,262,234,149,359,241,245,113,344,262,391,245,134,202,344,241,316,289,295,283,253,205,241,167,253,283,202,359,341,202,316,220,359,359,283,283,241,391,167,391,241,359,391,391,234,202,266,272,224,283,202,359,344,274,256,220,266,359,274,341,391,391,256,344,241,359,262,289,391,283,283,359,283,316,189,241,241,177,220,177,220,167,283,256,202,391,344,220,344,189,241,
283,207,177,218,318,227,191,217,232,359,328,259,299,359,279,177,204,294,265,263,294,284,283,359,240,307,307,256,345,359,345,270,187,307,292,231,143,177,240,300,352,345,307,129,227,314,137,384,294,345,158,263,328,384,294,227,241,227,342,279,261,335,299,294,307,345,272,309,177,263,187,345,321,279,126,177,345,263,284,359,269,279,321,359,293,283,177,359,345,307,273,314,187,359,236,305,270,384,279,384,270,257,307,167,327,307,318,294,167,299,294,236,279,269,345,177,292,126,192,307,284,307,294,307,359,305,307,241,153,294,345,294,345,289,345,339,177,177,345,204,307,143,272,294,249,236,316,181,316,285,345,279,279,359,294,359,294,345,294,294,359,199,129,294,247,345,289,
337,266,198,174,248,224,204,181,344,261,204,261,344,288,289,213,293,138,248,276,204,215,344,304,289,289,152,329,344,329,264,236,324,204,182,261,311,232,261,336,329,289,293,204,204,266,370,276,329,252,321,204,370,276,310,211,299,215,288,143,204,204,276,289,329,215,159,296,239,326,329,204,280,293,274,329,299,266,344,132,264,261,344,126,239,281,344,329,289,126,261,247,344,337,211,249,370,282,370,249,211,289,247,189,289,174,276,313,137,211,211,273,204,329,319,261,273,223,204,276,289,310,315,344,211,289,172,255,317,329,276,329,129,329,209,304,255,329,213,261,303,239,331,204,264,211,232,211,160,329,261,271,344,276,344,276,329,211,303,344,333,277,276,167,329,261,
246,289,369,248,271,288,299,316,378,318,353,385,220,246,279,241,321,248,243,339,337,316,173,258,258,315,300,316,372,232,261,258,346,298,236,246,264,354,385,300,323,191,295,366,231,345,339,300,245,196,378,345,273,165,305,181,391,220,319,385,353,295,301,300,327,362,246,277,246,360,372,220,191,246,318,196,277,318,324,232,372,316,347,337,246,316,310,333,328,366,250,316,166,358,264,348,220,345,294,316,280,250,377,290,369,264,187,352,348,294,222,325,325,246,346,221,272,360,227,270,241,258,316,358,310,305,241,241,300,303,300,343,300,388,246,246,378,279,360,187,327,241,310,232,368,264,368,340,300,239,224,316,312,332,288,325,348,241,346,246,216,332,309,339,343,
204,301,277,204,191,209,391,320,236,320,391,320,149,177,333,241,304,333,268,286,391,286,345,345,232,378,391,378,312,246,345,275,207,177,189,286,320,385,378,345,204,203,298,204,416,333,378,204,304,313,416,333,277,284,277,327,320,238,320,283,333,345,378,286,293,167,304,213,378,305,320,177,113,378,304,324,391,246,320,320,391,276,304,134,391,378,345,252,320,246,391,284,289,312,416,320,416,312,284,345,177,311,345,301,333,192,283,284,284,320,247,378,201,320,177,167,290,324,345,333,345,391,289,345,218,204,333,378,333,378,273,378,323,177,113,378,204,320,177,304,333,225,284,300,177,300,269,378,320,320,391,333,391,333,378,284,333,391,223,204,333,223,378,320,
249,202,139,204,126,344,265,204,261,344,261,227,204,276,171,239,276,204,215,344,249,289,289,159,329,344,329,249,160,289,211,120,187,259,215,261,336,329,289,232,204,243,193,370,276,329,177,271,265,370,276,257,211,241,280,261,167,273,222,276,289,329,215,236,238,239,276,329,254,261,232,205,329,241,266,344,175,261,261,344,213,239,216,344,329,289,181,261,172,344,289,231,249,370,261,370,249,211,289,172,263,289,249,276,261,222,215,211,261,204,329,269,261,203,204,233,266,289,276,289,344,231,289,137,180,276,329,276,329,207,329,277,248,204,329,126,261,247,239,283,204,211,247,152,247,202,329,261,261,344,276,344,276,329,215,276,344,284,209,276,143,329,261,
289,272,250,234,359,279,207,279,359,322,323,263,327,202,289,294,177,240,359,338,307,307,211,345,359,345,300,280,357,177,236,298,344,278,279,352,345,307,327,240,177,301,384,294,345,292,354,177,384,294,343,236,333,177,322,206,177,177,294,307,345,240,120,330,266,358,345,177,315,327,309,345,333,284,359,196,300,279,359,156,263,316,359,345,307,189,279,288,364,369,236,278,384,317,384,270,236,307,288,133,307,187,294,346,141,236,241,308,196,345,351,279,308,272,177,311,307,343,348,359,236,307,225,294,350,345,294,345,165,350,149,337,294,345,263,279,336,263,364,218,300,236,278,236,187,345,295,306,359,294,359,294,345,236,336,359,365,312,294,220,345,279,
202,277,202,289,300,277,270,308,179,277,277,202,227,150,202,277,248,289,198,220,220,227,272,289,293,166,154,229,277,202,227,277,128,271,308,272,226,202,277,285,202,320,250,272,202,223,300,320,202,207,200,189,315,179,220,308,277,202,220,272,232,280,277,150,277,278,293,179,227,277,272,189,187,289,229,179,293,289,262,248,277,289,272,242,234,285,154,289,248,277,166,320,179,320,181,216,220,227,299,220,289,202,227,270,264,181,179,277,272,277,261,227,277,278,187,220,207,220,289,277,220,227,202,218,272,202,272,257,272,311,277,277,300,202,278,227,232,240,277,128,288,227,288,252,272,179,179,289,210,289,202,272,264,202,289,277,202,240,205,272,257,
204,162,344,283,204,261,344,261,204,204,276,198,239,276,225,224,344,224,289,289,187,329,344,329,249,160,289,236,159,158,234,215,261,336,329,289,207,204,268,167,370,276,329,143,248,283,370,276,232,211,216,298,261,194,290,247,276,289,329,215,261,213,239,255,329,275,261,207,204,329,239,266,344,203,261,275,344,238,239,204,344,329,289,209,268,160,344,271,256,249,370,261,370,249,211,289,137,282,289,272,276,236,247,240,211,261,204,329,245,261,175,204,257,266,289,276,289,344,256,289,172,149,276,329,276,329,232,329,294,223,204,329,113,261,222,239,276,204,211,270,129,270,227,329,261,261,344,276,344,276,329,240,276,344,266,181,276,177,329,261,
204,391,320,167,320,391,320,225,119,333,177,304,333,202,286,391,286,345,345,177,378,391,378,312,246,345,213,204,185,257,286,320,385,378,345,231,113,245,204,416,333,378,204,304,266,416,333,277,284,277,282,320,204,274,224,333,345,378,286,238,236,304,275,378,256,320,231,203,378,304,324,391,177,320,320,391,214,304,215,391,378,345,204,320,246,391,288,284,312,416,320,416,312,284,345,177,264,345,250,333,259,223,284,284,320,177,378,268,320,202,137,234,324,345,333,345,391,284,345,177,204,333,378,333,378,209,378,278,247,179,378,204,320,245,304,333,149,284,284,177,284,246,378,320,320,391,333,391,333,378,284,333,391,283,207,333,204,378,320,
344,261,204,261,344,261,241,204,276,150,239,276,204,215,344,263,289,289,137,329,344,329,249,175,289,204,71,203,271,215,261,336,329,289,246,204,229,209,370,276,329,194,281,250,370,276,270,211,255,270,261,143,261,207,276,289,329,215,222,252,239,286,329,240,261,247,220,329,255,266,344,159,261,261,344,198,239,230,344,329,289,167,261,187,344,299,217,249,370,261,370,249,211,289,187,248,289,234,276,273,207,211,211,261,204,329,279,261,218,204,218,266,289,276,289,344,217,289,129,197,278,329,276,329,191,329,266,262,204,329,143,261,261,239,293,204,211,233,172,233,185,329,261,261,344,276,344,276,329,211,276,344,294,224,276,126,329,261,
367,391,340,373,241,391,391,220,359,262,223,391,325,213,280,234,236,359,245,255,361,253,316,202,391,344,359,391,280,341,373,266,309,344,391,391,344,189,326,177,344,262,391,177,255,289,291,289,391,241,344,391,391,281,287,201,314,359,391,262,391,347,391,241,359,391,304,262,261,304,359,241,361,289,344,325,391,167,296,320,344,354,316,113,283,346,253,335,241,245,280,303,266,359,366,277,357,245,359,359,335,283,241,391,311,391,333,359,391,391,234,251,220,202,189,346,296,359,344,220,149,289,134,359,127,376,391,391,367,344,347,359,314,220,391,283,356,359,356,327,223,241,241,234,298,319,274,311,335,220,333,391,344,319,344,326,330,
320,167,241,333,334,320,338,279,300,304,320,191,311,348,296,295,279,289,282,218,311,292,367,320,261,309,355,289,165,229,274,216,337,320,320,313,326,189,333,303,364,320,333,282,354,241,343,320,333,261,320,320,256,247,319,209,279,341,278,368,218,320,326,338,320,224,343,278,241,279,311,113,245,261,191,327,340,234,199,261,134,299,373,378,170,289,278,328,289,257,225,274,299,258,263,220,289,356,279,174,257,319,320,218,362,177,319,320,320,322,284,354,358,326,170,234,279,305,361,347,245,354,279,361,258,348,320,218,275,149,347,209,373,320,311,170,289,170,220,304,306,317,296,231,241,266,218,174,347,241,374,322,202,261,218,181,
320,391,320,268,179,333,177,304,333,149,286,391,286,345,345,177,378,391,378,312,246,345,167,204,231,290,286,320,385,378,345,272,149,202,236,416,333,378,222,304,224,416,333,289,284,278,245,320,204,234,177,333,345,378,286,193,275,304,305,378,213,320,272,247,378,304,324,391,177,320,320,391,204,304,257,391,378,345,204,320,246,391,318,284,312,416,320,416,312,284,345,217,222,345,246,333,292,177,284,284,320,113,378,298,320,245,191,189,324,345,333,345,391,284,345,177,225,333,378,333,378,177,378,239,283,225,378,204,320,282,304,333,113,284,284,202,284,246,378,320,320,391,333,391,333,378,284,333,391,313,250,333,204,378,320,
241,304,320,320,309,279,270,274,320,166,282,320,266,265,279,256,245,218,282,259,340,320,261,279,327,256,70,229,234,170,309,320,320,283,296,134,304,273,336,320,304,245,326,198,315,320,304,261,320,320,213,204,289,166,279,320,240,341,218,320,296,309,320,218,315,240,241,279,282,149,241,261,137,320,311,218,154,261,134,269,347,353,170,256,278,298,278,215,179,234,279,258,220,220,256,328,279,170,215,289,320,218,334,113,289,320,320,293,249,326,330,296,170,189,279,275,333,319,202,326,279,333,258,320,320,218,261,113,319,162,347,320,282,170,279,170,220,274,277,287,266,186,241,224,218,170,319,241,348,293,149,261,218,126,
340,391,391,345,359,308,311,391,280,319,355,304,303,359,296,289,134,319,316,373,391,344,359,391,296,241,111,282,226,344,391,391,344,333,220,340,344,370,391,340,289,361,283,350,391,340,344,391,391,266,258,326,280,359,391,285,391,167,391,333,359,391,234,350,285,234,359,319,241,256,344,262,391,347,245,211,344,241,316,379,385,283,296,185,335,296,268,283,282,359,341,272,316,296,363,359,283,283,326,391,224,391,241,359,391,391,329,292,361,365,333,283,245,359,344,367,354,256,361,359,367,341,391,391,127,344,241,359,262,379,391,319,283,359,283,316,311,314,324,304,242,213,274,224,283,354,189,391,344,220,344,202,241,
320,320,125,279,172,167,320,288,241,166,177,178,279,218,241,326,149,220,177,320,261,279,320,189,305,340,218,272,261,320,320,261,278,289,218,261,172,333,278,202,179,248,179,347,70,268,340,320,234,243,218,277,314,320,207,320,311,326,113,279,320,266,128,207,266,279,149,326,245,298,288,320,241,256,283,278,319,220,241,200,310,189,299,102,278,232,264,213,279,331,227,322,189,279,304,299,232,134,320,274,320,296,279,320,320,128,197,149,162,241,310,256,279,261,167,218,245,218,294,218,343,320,320,333,261,311,279,277,189,320,170,321,279,321,290,218,162,137,241,258,282,224,274,299,134,296,320,261,282,261,289,294,
213,333,272,304,333,290,289,391,286,345,345,264,378,391,378,312,246,345,298,240,177,149,286,320,385,378,345,204,236,320,204,416,333,378,204,304,334,416,333,277,284,277,348,320,269,341,305,333,345,378,286,315,113,304,177,378,327,320,177,134,378,304,324,391,275,320,327,391,299,304,113,391,378,345,279,320,246,391,284,311,312,416,320,416,312,284,345,177,333,345,323,333,177,305,300,284,320,275,378,167,320,177,202,313,324,345,333,345,391,311,345,250,204,333,378,333,378,295,378,344,134,167,378,213,320,177,304,333,257,284,322,191,322,291,378,320,320,391,333,391,333,378,300,333,391,189,204,333,255,378,320,
333,185,304,333,215,286,391,286,345,345,177,378,391,378,312,246,345,225,204,177,245,286,320,385,378,345,218,137,257,204,416,333,378,204,304,275,416,333,277,284,277,290,320,204,283,236,333,345,378,286,250,224,304,266,378,268,320,218,189,378,304,324,391,191,320,320,391,227,304,202,391,378,345,204,320,246,391,284,284,312,416,320,416,312,284,345,177,274,345,263,333,247,236,284,284,320,191,378,255,320,187,113,247,324,345,333,345,391,284,345,177,204,333,378,333,378,222,378,286,234,167,378,204,320,233,304,333,169,284,284,177,284,246,378,320,320,391,333,391,333,378,284,333,391,274,204,333,204,378,320,
294,179,174,333,293,220,189,186,187,294,198,220,331,163,241,170,333,276,294,333,198,310,345,221,278,276,333,333,276,262,294,196,276,163,338,262,210,202,256,202,352,125,276,345,333,242,251,196,282,319,333,215,333,317,333,131,294,333,272,162,215,272,294,163,331,253,303,293,333,220,263,288,283,324,241,220,193,316,198,304,128,262,240,271,221,294,337,235,327,198,294,309,304,240,144,333,280,333,302,294,333,333,137,205,138,148,220,316,263,294,276,154,196,253,196,299,196,348,333,333,338,276,317,294,282,180,333,193,326,294,326,296,196,171,148,220,266,287,231,280,304,124,302,333,276,287,276,294,299,
263,294,177,240,359,287,307,307,107,345,359,345,270,211,308,177,152,236,294,240,279,352,345,307,275,177,196,241,384,294,345,227,304,218,384,294,293,236,282,240,279,129,229,177,294,307,345,240,187,279,263,309,345,207,279,275,252,345,282,284,359,90,279,279,359,161,263,263,359,345,307,129,279,222,359,321,236,270,384,279,384,270,236,307,222,216,307,202,294,295,172,236,236,279,177,345,301,279,250,198,183,284,307,294,307,359,236,307,137,231,300,345,294,345,152,345,234,286,231,345,185,279,285,263,315,177,240,236,207,236,187,345,279,279,359,294,359,294,345,236,294,359,316,256,294,130,345,279,
162,304,248,262,198,181,181,263,240,262,293,128,196,229,304,239,263,304,128,271,308,240,226,239,304,304,239,294,250,240,239,223,304,294,162,207,200,189,315,172,239,308,304,183,193,240,232,280,304,149,304,278,304,159,263,304,240,189,149,262,263,128,293,262,262,248,304,262,240,242,239,285,196,262,248,277,128,294,163,294,181,216,181,263,299,181,289,162,263,270,264,181,141,304,240,304,261,263,304,304,149,181,207,215,262,277,207,263,239,218,240,196,240,263,240,311,304,304,300,239,278,263,232,240,304,132,288,263,288,252,240,127,138,262,210,262,172,240,264,196,262,304,239,240,239,250,257,
333,254,220,192,121,121,294,196,220,296,143,241,223,333,276,294,333,189,275,311,196,231,276,333,333,276,262,256,196,276,218,333,262,149,202,205,202,333,167,276,333,333,189,199,196,238,294,333,162,333,282,333,149,294,333,224,183,159,224,294,125,296,220,276,254,333,220,213,247,276,289,241,234,243,280,143,269,154,262,187,222,167,294,303,181,293,134,294,294,269,193,134,333,234,333,266,294,333,333,141,142,202,209,220,280,213,294,276,213,196,202,202,294,213,315,333,333,304,276,282,294,238,234,333,193,291,294,291,257,196,125,132,220,216,245,177,234,269,189,266,333,276,245,276,256,263,
286,391,305,345,345,177,378,391,378,312,246,345,113,204,263,313,286,320,385,378,345,294,189,167,268,416,333,378,254,322,189,416,333,311,284,300,213,320,204,202,134,333,345,378,286,177,298,304,327,378,177,320,294,275,378,304,324,391,177,320,320,391,204,304,283,391,378,345,204,320,249,391,339,284,312,416,320,416,312,284,345,249,207,345,246,333,314,177,284,284,320,134,378,320,320,274,225,149,324,345,333,345,391,284,345,177,257,333,378,333,378,177,378,207,305,257,378,215,320,304,304,333,167,284,284,234,284,246,378,320,320,391,333,391,333,378,284,333,391,334,278,333,204,378,320,
280,304,243,242,240,263,280,263,264,236,325,286,215,261,311,232,166,271,263,208,293,286,286,266,312,189,288,252,321,286,312,222,310,172,299,286,288,215,286,286,189,208,273,128,240,296,216,326,263,286,280,293,286,263,299,216,280,240,264,179,280,215,128,286,295,263,208,215,169,247,332,337,149,232,312,282,312,189,149,211,247,211,208,174,232,313,240,128,189,273,286,263,319,166,273,286,286,277,226,310,315,280,149,208,240,256,318,303,189,310,240,318,211,304,286,263,215,166,303,128,332,286,264,172,240,172,170,263,257,271,280,189,280,200,263,128,303,280,333,277,189,215,263,166,
280,202,202,359,149,167,304,253,316,213,391,344,359,391,280,283,319,177,242,344,391,391,344,162,266,149,344,262,391,162,220,289,283,289,391,241,344,391,391,220,211,127,280,359,391,262,391,289,391,241,359,391,234,262,234,234,359,241,304,213,344,264,391,167,224,258,344,296,316,223,283,288,253,277,241,162,253,283,202,359,341,202,316,220,359,359,283,283,241,391,245,391,274,359,391,391,234,202,220,202,134,288,224,359,344,220,177,220,189,359,201,341,391,391,311,344,289,359,262,223,391,283,299,359,299,316,127,241,241,134,226,256,220,245,283,220,274,391,344,256,344,266,272,
208,208,280,263,280,341,179,211,208,313,261,240,286,215,321,355,263,288,215,286,334,215,312,305,263,215,138,348,312,226,112,271,112,362,166,284,355,320,258,266,263,293,329,286,231,286,327,341,166,240,286,283,128,231,283,290,179,341,280,314,304,286,280,276,299,294,334,200,280,173,326,215,315,166,312,256,282,236,240,347,251,338,215,240,320,315,256,169,290,290,286,313,240,286,327,174,221,189,208,280,326,276,270,215,189,263,268,263,310,263,359,286,286,348,235,327,240,293,189,286,179,336,240,336,307,263,187,171,280,278,298,247,290,315,189,313,286,215,298,274,305,310,
70,307,177,202,289,170,258,234,345,289,307,345,208,268,304,177,221,289,345,345,289,246,245,177,289,229,345,246,134,220,211,220,345,177,289,345,345,177,187,177,227,307,345,181,345,274,345,167,307,345,213,196,141,213,307,154,289,202,289,243,345,202,202,236,289,282,258,245,254,273,170,259,170,246,175,211,149,307,295,170,285,121,307,307,259,211,154,345,224,345,256,307,345,345,158,129,213,220,202,273,202,307,289,223,202,189,213,307,223,308,345,345,296,289,274,307,227,245,345,211,284,307,284,258,177,154,154,202,205,234,167,224,259,202,256,345,289,234,289,245,252,
307,177,202,288,170,258,236,345,289,307,345,208,266,303,177,219,289,345,345,289,246,243,178,289,230,345,246,133,220,211,220,345,178,289,345,345,176,185,177,226,307,345,181,345,273,345,168,307,345,211,197,140,211,307,154,288,202,289,242,345,202,200,235,289,281,258,246,255,272,170,258,171,246,174,211,147,307,294,169,284,121,307,307,258,211,154,345,222,345,254,307,345,345,161,128,214,221,202,272,200,307,289,225,203,187,214,307,225,307,345,345,295,289,273,307,226,246,345,211,283,307,283,258,177,154,154,202,203,233,165,222,258,203,254,345,289,233,289,243,251,
345,359,345,270,202,307,177,138,227,288,240,279,352,345,307,269,177,206,232,384,294,345,218,298,227,384,294,286,236,275,249,279,129,238,181,294,307,345,240,198,273,263,303,345,217,279,269,243,345,275,284,359,126,279,279,359,172,263,254,359,345,307,132,279,213,359,315,236,270,384,279,384,270,236,307,213,225,307,211,294,289,181,236,236,279,177,345,295,279,241,187,194,284,307,294,307,359,236,307,126,222,294,345,294,345,167,345,243,280,222,345,175,279,279,263,309,177,236,236,198,236,187,345,279,279,359,294,359,294,345,236,294,359,310,247,294,129,345,279,
127,282,230,300,245,378,329,345,378,263,257,296,134,210,329,378,378,329,187,234,189,329,240,378,189,196,272,266,272,378,218,329,378,378,196,177,167,263,345,378,240,378,266,378,218,345,378,202,240,211,202,345,218,282,177,329,240,378,202,189,226,329,274,300,255,266,266,230,248,218,187,230,266,177,345,326,177,300,196,345,345,266,266,218,378,213,378,245,345,378,378,211,177,224,231,177,266,189,345,329,234,213,196,224,345,234,326,378,378,289,329,266,345,240,255,378,266,277,345,277,300,134,218,218,127,196,224,196,213,266,213,245,378,329,224,329,234,241,
274,253,316,255,391,344,359,391,280,246,289,127,202,344,391,391,344,189,224,202,344,262,391,202,220,289,283,289,391,241,344,391,391,220,202,177,280,359,391,262,391,256,391,241,359,391,189,262,234,189,359,241,274,167,344,262,391,213,177,215,344,266,316,266,283,283,253,238,241,162,253,283,202,359,341,202,316,220,359,359,283,283,241,391,202,391,241,359,391,391,234,202,234,241,189,283,202,359,344,245,224,220,234,359,245,341,391,391,282,344,256,359,262,266,391,283,283,359,283,316,149,241,241,134,220,213,220,202,283,224,234,391,344,220,344,224,241,
304,300,361,378,329,345,378,282,218,134,266,205,330,378,378,329,319,196,326,329,357,378,326,274,347,266,336,378,326,329,378,378,245,236,311,263,345,378,270,378,134,378,319,345,378,213,336,270,213,345,304,218,234,329,240,378,333,224,187,329,218,300,367,372,266,282,187,321,282,247,266,266,345,326,252,300,282,349,345,266,266,311,378,202,378,218,345,378,378,315,277,347,351,319,266,224,345,329,354,340,234,347,345,354,326,378,378,113,329,218,345,240,367,378,304,266,345,266,300,296,299,310,289,221,189,256,202,266,340,167,378,329,196,329,177,218,
208,213,312,249,270,312,149,283,319,230,242,249,312,312,249,287,266,230,249,207,312,287,167,189,216,172,326,149,249,319,312,202,211,230,248,291,312,172,312,289,312,134,270,312,234,172,172,253,270,112,304,253,275,264,312,253,230,258,250,296,208,253,232,288,149,287,138,287,200,232,177,270,310,194,300,149,270,281,277,200,113,312,245,312,274,270,312,312,128,170,189,198,253,288,224,270,249,201,230,213,230,271,230,322,312,312,311,249,289,270,248,223,312,154,299,270,299,268,230,112,112,253,226,256,189,245,277,177,274,312,249,256,249,266,272,
258,249,174,187,246,170,261,308,300,258,193,246,277,160,345,241,300,160,236,292,345,241,220,185,203,307,220,207,299,259,241,258,300,220,272,246,196,246,300,284,220,194,246,300,203,227,316,216,220,284,316,250,236,246,316,300,258,222,277,113,316,261,268,208,345,220,345,208,204,258,187,290,258,280,241,224,259,252,169,220,246,300,246,249,187,246,269,227,258,241,258,316,268,258,187,160,241,300,241,300,245,300,303,246,246,300,160,269,209,220,252,246,166,279,187,279,240,300,220,220,316,241,316,241,300,252,241,316,254,169,241,191,300,245,
345,289,307,345,245,341,373,266,309,289,345,354,289,246,326,177,289,181,367,246,255,220,291,220,379,177,305,373,345,281,287,201,314,349,345,261,345,347,361,189,307,345,304,181,261,304,311,213,361,289,334,325,345,202,296,320,315,354,258,202,211,346,245,335,186,246,280,303,266,307,366,277,357,245,307,340,335,280,201,345,311,345,333,307,345,347,196,251,134,126,202,346,296,307,289,121,177,289,177,330,177,376,345,345,367,289,347,307,314,121,345,213,356,307,356,327,223,220,204,234,298,319,274,311,335,149,333,345,289,319,295,326,330,
204,272,320,286,320,385,378,345,301,202,149,275,416,333,378,265,329,177,416,333,319,284,308,202,320,204,189,113,333,345,378,286,177,305,304,334,378,167,320,302,283,378,308,324,391,177,320,320,391,204,304,290,391,378,345,204,320,259,391,346,284,312,416,320,416,312,284,345,259,207,345,246,333,321,177,284,284,320,149,378,327,320,282,236,134,324,345,333,345,391,284,345,185,268,333,378,333,378,177,378,207,313,268,378,225,320,312,304,340,177,284,284,245,284,246,378,320,320,391,333,391,333,378,284,333,391,341,285,333,204,378,320,
202,270,215,261,336,329,289,245,204,231,207,370,276,329,192,280,252,370,276,269,211,254,272,261,146,263,209,276,289,329,215,223,250,239,285,329,241,261,245,218,329,254,266,344,161,261,261,344,199,239,229,344,329,289,169,261,185,344,298,218,249,370,261,370,249,211,289,185,250,289,236,276,272,209,211,211,261,204,329,278,261,217,204,220,266,289,276,289,344,218,289,129,196,277,329,276,329,193,329,268,261,204,329,141,261,259,239,291,204,211,234,171,234,187,329,261,261,344,276,344,276,329,211,276,344,293,222,276,128,329,261,
195,240,280,352,345,307,167,198,294,129,384,294,345,129,263,309,384,294,227,236,227,324,279,232,316,279,294,307,345,245,289,177,263,218,345,302,279,167,177,345,263,284,359,241,279,302,359,273,263,177,359,345,307,247,294,187,359,236,285,270,384,279,384,270,236,307,126,308,307,298,294,198,279,274,236,279,241,345,207,279,126,177,287,284,307,294,307,359,285,307,213,129,294,345,294,345,269,345,320,182,177,345,172,287,181,263,294,220,236,297,143,297,265,345,279,279,359,294,359,294,345,274,294,359,229,132,294,218,345,279,
286,328,385,378,345,204,268,341,204,416,333,378,205,304,355,416,333,277,284,277,368,320,291,362,327,333,345,378,300,336,134,304,134,378,348,320,177,177,378,304,324,391,298,320,348,391,321,311,167,391,378,345,301,341,246,391,284,333,312,416,320,416,312,289,345,211,354,345,344,333,177,327,322,284,320,298,378,113,320,178,234,334,324,345,333,345,391,333,345,278,204,333,378,333,378,317,378,365,113,202,378,245,334,177,304,333,283,284,343,225,343,314,378,320,320,391,333,391,333,378,322,333,391,149,204,333,281,378,320,
257,296,263,210,215,286,286,215,312,234,263,215,239,289,312,189,224,181,207,304,189,215,296,286,189,208,263,216,269,286,128,286,266,286,177,240,286,263,207,174,280,240,166,282,280,246,232,286,280,263,226,218,274,170,280,264,264,147,312,180,312,165,200,208,240,288,208,278,189,240,255,248,165,167,286,263,286,245,240,286,286,174,208,224,231,280,264,208,240,215,234,263,189,263,241,263,300,286,286,289,215,266,240,216,255,286,149,277,240,277,236,263,166,166,280,193,280,189,263,248,213,280,286,215,224,215,263,241,
229,236,171,310,320,320,284,297,136,305,274,337,320,305,246,327,199,316,320,305,261,320,320,214,205,290,166,279,320,241,342,218,320,297,310,320,218,316,241,241,279,283,147,241,261,138,320,312,218,154,261,133,270,348,354,170,257,278,299,278,216,180,236,279,258,221,220,257,329,279,170,216,290,320,218,335,118,290,320,320,294,251,327,331,297,170,191,279,276,334,320,203,327,279,334,258,321,320,218,261,107,320,164,348,320,283,170,279,170,220,275,278,288,268,187,241,225,218,170,320,241,349,294,152,261,218,128,
282,226,344,385,385,336,333,208,340,336,370,385,340,289,361,274,350,385,340,336,385,385,266,258,326,271,352,385,285,385,167,385,333,352,385,234,350,285,234,352,319,229,256,336,251,385,347,245,211,336,229,308,379,385,274,296,185,335,296,268,274,282,352,333,272,308,296,363,352,274,274,326,385,224,385,229,352,385,385,329,292,361,365,333,274,245,352,336,367,354,256,361,352,367,333,385,385,113,336,229,354,251,379,385,319,274,352,274,308,311,314,324,304,242,213,274,224,274,354,189,385,336,213,336,202,229,
186,329,378,378,329,202,213,213,329,261,378,213,196,272,266,272,378,218,329,378,378,196,177,189,263,345,378,240,378,245,378,218,345,378,177,240,211,177,345,218,266,149,329,240,378,224,167,204,329,256,300,274,280,266,230,227,218,187,230,266,177,345,326,177,300,196,345,345,266,266,218,378,189,378,224,345,378,378,211,177,245,252,202,266,177,345,329,255,234,196,245,345,255,326,378,378,274,329,245,345,240,274,378,266,266,345,266,300,167,218,218,149,196,202,196,189,266,234,224,378,329,202,329,213,220,
289,345,345,289,263,138,272,289,306,345,272,198,294,211,283,345,272,289,345,345,163,148,253,208,307,345,192,345,180,345,263,307,345,177,283,192,202,307,242,205,202,289,181,345,280,177,127,289,193,258,317,323,211,210,246,266,246,170,211,186,307,287,171,258,210,307,307,211,211,253,345,177,345,154,307,345,345,258,203,294,299,263,211,131,307,289,302,287,145,294,307,302,287,345,345,216,289,180,307,181,317,345,242,211,307,211,258,231,235,251,221,128,202,174,177,211,287,202,345,289,124,289,177,154,
241,323,159,370,294,329,175,239,337,370,276,202,256,202,351,261,273,344,309,276,289,329,282,319,204,239,204,329,330,261,129,204,329,239,266,344,279,261,330,344,303,293,204,344,329,289,283,323,180,344,211,315,249,370,261,370,249,270,289,180,336,289,327,276,144,309,304,240,261,279,329,204,301,143,207,316,266,289,276,289,344,315,289,255,172,276,329,276,329,299,329,348,204,204,337,218,316,129,282,276,263,211,326,197,326,295,329,261,261,344,276,344,276,329,304,276,344,204,136,286,261,329,299,
234,204,416,333,378,204,304,256,416,333,277,284,277,274,320,204,266,213,333,345,378,286,227,247,304,283,378,245,320,241,215,378,304,324,391,177,320,320,391,204,304,225,391,378,345,204,320,246,391,295,284,312,416,320,416,312,284,345,181,254,345,246,333,269,213,284,284,320,167,378,275,320,213,152,224,324,345,333,345,391,284,345,177,204,333,378,333,378,197,378,270,257,191,378,204,320,256,304,333,134,284,284,177,284,246,378,320,320,391,333,391,333,378,284,333,391,290,218,333,204,378,320,
298,416,333,378,288,350,134,416,333,340,284,329,167,320,204,149,134,333,345,378,286,177,327,304,355,378,113,320,324,305,378,329,324,391,189,320,320,391,204,304,313,391,378,345,204,320,284,391,366,284,312,416,320,416,312,284,345,284,207,345,246,333,342,177,284,284,320,189,378,348,320,304,268,113,324,345,340,345,391,284,345,220,290,347,378,333,378,177,378,207,334,290,378,257,320,333,304,361,213,296,284,274,284,246,378,320,320,391,333,391,333,378,284,333,391,362,308,333,215,378,320,
370,276,329,126,239,313,370,276,202,218,202,327,261,238,320,283,276,289,329,250,293,204,239,213,329,305,261,159,204,329,239,266,344,246,261,305,344,276,266,204,344,329,289,252,298,160,344,231,289,249,370,261,370,249,234,289,132,311,289,301,276,192,283,278,211,261,247,329,204,275,129,204,290,266,289,276,289,344,289,289,218,113,276,329,276,329,273,329,323,204,204,329,177,290,176,250,276,225,211,300,152,300,269,329,261,261,344,276,344,276,329,278,276,344,223,126,276,223,329,273,
282,187,370,294,416,113,262,320,314,320,416,278,370,416,416,262,246,187,312,384,416,294,416,304,416,278,384,416,256,294,273,256,384,278,319,234,370,294,416,162,245,276,370,311,345,201,314,314,287,291,278,177,287,314,246,384,368,246,345,262,384,384,314,314,278,416,266,416,289,384,416,416,273,246,262,246,162,314,246,384,370,262,187,262,187,384,187,368,416,416,326,370,304,384,294,262,416,314,314,384,314,345,187,278,278,167,262,274,262,266,314,262,289,416,370,274,370,282,286,
289,276,322,333,289,224,311,193,300,333,289,276,333,333,189,179,274,189,294,333,218,333,196,333,282,294,333,196,300,218,220,294,266,177,220,276,162,333,296,196,121,276,167,249,333,339,193,234,262,283,262,191,193,213,294,274,198,241,234,314,294,193,193,274,333,196,333,125,294,333,333,278,228,311,316,282,193,167,294,276,319,304,177,311,294,319,274,333,333,196,276,149,304,162,333,333,266,193,294,193,241,256,259,273,245,163,220,202,196,193,304,220,334,278,113,276,196,125,
329,240,378,187,202,272,266,272,378,218,329,378,378,234,243,134,277,345,378,240,378,311,378,218,345,378,266,240,211,266,345,218,326,245,329,288,378,127,256,283,329,319,300,189,266,310,230,299,218,189,232,266,213,345,331,227,322,196,345,345,299,266,218,378,274,378,296,345,378,378,211,197,196,177,127,310,256,345,329,196,134,245,149,345,167,343,378,378,333,329,311,345,277,196,378,266,321,345,321,300,167,218,218,177,258,282,224,274,299,196,296,378,329,282,329,289,294,
239,303,370,276,203,211,202,318,261,224,310,273,276,289,329,236,283,204,239,227,329,295,261,175,204,329,239,266,344,232,261,295,344,266,252,204,344,329,289,238,288,160,344,245,279,249,370,261,370,249,220,289,129,301,289,292,276,207,273,268,211,261,233,329,216,265,137,204,280,266,289,276,289,344,279,289,203,83,276,329,276,329,261,329,314,204,204,329,162,280,191,239,276,211,211,290,132,290,256,329,261,261,344,276,344,276,329,268,276,344,237,143,276,209,329,261,
364,294,250,150,288,150,376,172,301,370,336,278,284,240,310,345,304,255,304,343,357,183,263,304,300,149,255,300,307,207,357,285,330,321,304,262,293,317,311,350,225,262,139,342,239,332,179,294,277,299,261,263,363,273,354,239,263,336,332,277,196,308,308,304,329,263,304,343,189,246,162,181,262,342,293,288,239,162,240,285,240,327,240,373,304,304,364,259,343,263,310,162,304,207,353,263,353,323,240,215,198,262,295,315,270,308,332,162,329,304,239,315,291,322,327,
416,333,354,284,343,134,333,222,113,167,333,345,378,286,177,341,304,368,378,113,326,338,320,378,343,324,391,213,320,320,391,204,304,327,391,378,345,207,320,299,391,378,284,312,416,328,416,312,284,345,299,207,345,246,333,356,177,284,284,320,213,378,362,320,319,283,149,324,345,354,358,391,284,345,241,305,361,378,333,378,181,378,207,348,305,378,275,320,347,304,373,234,311,284,289,284,246,378,320,320,391,333,391,333,378,284,347,391,374,322,333,236,378,320,
262,320,314,320,416,278,370,416,416,262,246,187,312,384,416,294,416,311,416,278,384,416,266,294,273,266,384,278,326,245,370,294,416,162,256,283,370,319,345,189,314,314,287,299,278,189,287,314,246,384,368,246,345,262,384,384,314,314,278,416,274,416,296,384,416,416,273,246,262,246,162,314,256,384,370,262,187,262,187,384,187,368,416,416,333,370,311,384,294,262,416,314,321,384,321,345,187,278,278,177,262,282,262,274,314,262,296,416,370,282,370,289,294,
234,193,218,333,202,276,333,333,149,164,196,205,294,333,162,333,256,333,189,294,333,196,218,118,220,294,167,274,220,276,222,333,220,196,215,276,266,241,266,273,254,143,262,193,262,146,193,121,294,280,139,270,113,294,294,238,193,177,333,202,333,234,294,333,333,183,121,234,241,220,254,177,294,276,245,224,167,234,294,245,293,333,333,282,276,256,294,205,266,333,193,269,294,269,241,196,155,175,220,180,220,134,202,238,224,234,333,276,213,276,224,231,
277,128,367,179,290,361,326,266,273,272,299,335,277,240,277,333,347,179,227,277,289,150,240,289,296,189,347,289,320,310,277,289,282,305,300,340,209,289,165,332,224,321,179,320,264,288,245,227,352,259,343,224,227,326,321,264,179,296,296,277,319,227,277,333,187,230,202,220,289,332,282,276,202,202,272,274,272,316,272,364,277,277,354,243,333,227,299,202,282,189,342,227,342,313,272,198,179,289,284,304,256,296,321,202,319,277,202,304,280,311,316,
264,284,248,211,284,284,193,211,266,149,236,284,165,293,266,284,238,256,284,266,264,177,283,236,216,231,283,211,172,284,283,266,211,211,220,198,299,305,207,181,314,241,314,154,128,211,236,239,211,225,193,279,236,189,128,227,284,266,285,185,236,284,284,232,211,277,282,283,207,211,236,211,284,269,193,277,236,284,257,284,284,266,211,209,269,149,299,284,216,224,236,224,175,266,209,225,283,193,283,193,266,189,269,283,300,233,193,211,266,181,
357,179,279,350,315,250,259,272,288,324,277,224,277,322,336,179,227,277,278,150,224,289,285,179,336,289,309,299,277,289,272,294,289,329,191,289,181,321,207,320,179,320,248,277,229,227,342,243,333,207,227,315,310,248,179,285,285,277,308,227,277,322,187,220,202,220,289,321,270,264,202,202,272,261,272,305,272,354,277,277,343,227,322,227,288,202,277,172,332,227,332,301,272,179,179,289,272,293,240,285,310,202,308,277,202,293,269,300,305,
347,243,113,189,333,345,378,286,177,355,304,380,378,149,340,352,334,378,357,324,391,234,326,320,391,204,304,341,391,378,345,229,320,314,391,391,284,312,416,342,416,312,284,345,314,207,345,246,333,369,189,284,284,333,234,378,374,320,333,298,177,336,345,367,371,391,284,345,263,320,373,378,333,378,206,378,207,362,320,378,290,320,361,304,386,256,326,284,304,284,246,378,321,331,391,333,391,333,378,284,361,391,387,336,333,258,378,320,
268,340,320,234,243,218,277,314,320,207,320,311,326,113,279,320,266,128,207,266,279,149,326,245,298,288,320,241,256,283,278,319,220,241,200,310,189,299,102,278,232,264,213,279,331,227,322,189,279,304,299,232,134,320,274,320,296,279,320,320,128,197,149,162,241,310,256,279,261,167,218,245,218,294,218,343,320,320,333,261,311,279,277,189,320,170,321,279,321,290,218,162,137,241,258,282,224,274,299,134,296,320,261,282,261,289,294,
233,204,276,289,329,215,191,276,239,306,329,211,261,273,248,329,279,266,344,129,261,261,344,167,239,259,344,329,289,126,261,218,344,319,211,249,370,261,370,249,211,289,218,220,289,206,276,293,175,211,211,261,204,329,299,261,247,204,204,266,289,290,295,344,211,289,132,227,298,329,276,329,159,329,238,284,227,329,180,261,283,239,312,204,236,211,203,211,160,329,261,261,344,276,344,276,329,211,283,344,314,252,276,126,329,261,
177,333,345,378,286,177,348,304,374,378,134,333,345,327,378,350,324,391,224,320,320,391,204,304,334,391,378,345,218,320,307,391,385,284,312,416,335,416,312,284,345,307,207,345,246,333,363,177,284,284,326,224,378,368,320,326,290,167,329,345,361,365,391,284,345,252,313,367,378,333,378,194,378,207,355,313,378,283,320,354,304,379,245,319,284,297,284,246,378,320,324,391,333,391,333,378,284,354,391,380,329,333,247,378,320,
333,345,378,286,177,313,304,341,378,149,320,309,290,378,315,324,391,177,320,320,391,204,304,298,391,378,345,204,320,269,391,353,284,312,416,320,416,312,284,345,269,207,345,246,333,328,177,284,284,320,167,378,334,320,289,247,113,324,345,333,345,391,284,345,198,275,333,378,333,378,177,378,207,320,275,378,236,320,319,304,347,189,284,284,256,284,246,378,320,320,391,333,391,333,378,284,333,391,348,293,333,204,378,320,
121,213,189,294,333,162,333,224,333,224,294,333,196,250,141,220,294,202,245,220,276,187,333,245,196,179,276,234,241,289,295,222,167,262,226,262,143,193,134,294,274,121,241,167,294,294,205,193,213,333,196,333,202,294,333,333,218,157,266,272,224,222,134,294,276,274,256,113,266,294,274,274,333,333,256,276,224,294,170,289,333,202,238,294,238,241,196,194,211,220,138,220,113,196,205,256,220,333,276,177,276,196,198,
221,208,307,345,181,345,215,345,232,307,345,177,259,155,202,307,211,236,202,289,181,345,253,177,171,289,226,258,295,301,213,175,246,235,246,170,211,146,307,287,128,258,175,307,307,211,211,221,345,177,345,192,307,345,345,227,169,273,278,232,213,121,307,289,280,264,121,273,307,280,287,345,345,247,289,215,307,181,295,345,211,229,307,229,258,199,203,219,202,128,202,132,177,211,264,202,345,289,169,289,179,187,
263,345,378,240,378,296,378,218,345,378,245,240,211,245,345,218,311,224,329,273,378,149,234,268,329,304,300,213,266,295,230,284,218,187,230,266,189,345,326,205,308,196,345,345,284,266,218,378,256,378,282,345,378,378,211,177,196,185,127,295,234,345,329,196,167,224,177,345,189,329,378,378,319,329,296,345,259,213,378,266,306,345,306,300,134,218,218,149,237,266,202,256,284,196,282,378,329,266,329,274,279,
240,286,200,315,263,286,269,282,286,263,288,200,280,240,248,198,280,215,128,286,284,263,208,215,185,231,321,327,172,216,312,271,312,172,128,208,240,211,208,191,216,302,240,149,172,259,286,263,308,166,259,286,286,264,210,299,304,280,172,208,240,240,306,291,189,299,240,306,225,293,286,263,215,174,292,128,321,286,248,189,240,189,170,263,241,257,280,189,280,189,263,149,291,280,322,265,189,215,263,166,
322,263,350,345,177,306,319,300,345,324,284,359,181,291,279,359,137,263,308,359,345,307,175,279,279,359,362,236,270,384,308,384,270,236,307,279,141,307,187,294,337,126,236,236,299,180,345,343,279,299,261,177,303,307,335,340,359,236,307,213,285,342,345,294,345,143,345,169,329,285,345,250,279,328,263,356,205,291,236,269,236,187,345,286,297,359,294,359,294,345,236,328,359,357,303,294,207,345,279,
304,167,378,334,320,177,149,378,304,324,391,283,320,334,391,306,304,134,391,378,345,286,327,246,391,284,319,312,416,320,416,312,284,345,187,340,345,330,333,177,312,308,284,320,283,378,149,320,177,213,320,324,345,333,345,391,319,345,261,204,333,378,333,378,303,378,351,113,177,378,224,320,177,304,333,268,284,329,203,329,299,378,320,320,391,333,391,333,378,308,333,391,177,204,333,266,378,320,
304,250,304,196,263,304,240,224,136,262,263,172,270,262,239,216,304,262,240,209,239,261,196,270,277,248,128,294,199,294,139,181,181,263,276,181,266,162,263,263,232,139,183,304,240,304,229,263,304,304,189,181,240,247,262,248,181,263,239,250,240,162,240,263,250,289,304,304,278,239,250,263,200,270,304,172,264,263,264,220,240,165,180,262,175,262,162,240,232,229,262,304,239,207,239,240,225,
378,362,320,177,201,378,304,324,391,312,320,362,391,335,326,189,391,378,345,316,355,246,391,284,347,312,416,320,416,312,304,345,232,367,345,358,333,177,341,336,284,320,313,378,113,334,203,255,348,324,345,333,345,391,347,345,293,223,333,378,333,378,331,378,377,149,223,378,266,348,177,315,333,298,284,357,246,357,328,378,320,320,391,333,391,333,378,336,333,391,113,204,333,296,378,332,
378,304,345,378,189,322,250,189,345,289,218,213,329,240,378,319,202,177,329,218,300,354,360,266,266,187,306,266,230,266,245,345,326,231,300,266,345,345,266,266,296,378,177,378,218,345,378,378,300,260,333,337,304,266,202,345,329,340,326,213,333,345,340,326,378,378,149,329,218,345,240,354,378,289,266,345,266,300,282,284,295,274,198,167,234,177,266,326,134,378,329,196,329,149,218,
320,331,313,378,336,324,391,202,320,320,391,204,304,320,391,378,345,204,320,292,391,372,284,312,416,321,416,312,284,345,292,207,345,246,333,349,177,284,284,320,202,378,355,320,312,275,134,324,345,347,351,391,284,345,231,298,354,378,333,378,177,378,207,341,298,378,268,320,340,304,367,224,304,284,282,284,246,378,320,320,391,333,391,333,378,284,340,391,368,315,333,225,378,320,
279,320,256,141,196,256,279,134,319,241,290,280,320,241,245,276,270,311,220,241,211,303,177,291,81,278,222,254,202,279,324,216,315,177,279,296,291,222,113,320,266,320,289,279,320,320,92,184,167,174,241,303,245,279,261,177,218,234,218,286,218,336,320,320,326,261,304,279,269,201,320,170,314,279,314,283,218,143,121,241,248,274,213,266,291,149,289,320,261,274,261,282,286,
177,345,263,284,359,279,279,331,359,303,293,177,359,345,307,283,324,187,359,236,315,270,384,279,384,270,270,307,181,336,307,327,294,143,309,304,240,279,279,345,177,302,143,207,316,284,307,294,307,359,315,307,256,172,294,345,294,345,299,345,348,177,177,345,218,316,126,282,294,263,236,326,198,326,295,345,279,279,359,294,359,294,345,304,294,359,182,137,294,261,345,299,
378,304,324,391,257,320,320,391,284,304,113,391,378,345,262,320,246,391,284,296,312,416,320,416,312,284,345,177,319,345,309,333,179,290,285,284,320,257,378,189,320,177,177,298,324,345,333,345,391,296,345,229,204,333,378,333,378,280,378,330,167,134,378,204,320,177,304,333,236,284,308,177,308,277,378,320,320,391,333,391,333,378,285,333,391,213,204,333,234,378,320,
278,211,127,345,234,218,134,329,240,378,274,113,177,329,218,300,311,318,266,230,187,258,202,230,266,177,345,326,177,300,202,345,345,266,266,245,378,113,378,218,345,378,378,250,194,289,294,256,266,177,345,329,296,282,196,289,345,296,326,378,378,224,329,218,345,240,311,378,266,266,345,266,300,224,227,243,213,196,134,196,113,266,282,167,378,329,196,329,149,218,
224,278,285,172,336,262,309,299,304,262,270,294,289,329,196,262,181,321,207,310,137,294,248,277,229,263,342,243,333,207,263,315,310,248,158,304,285,304,308,263,304,322,149,214,162,181,262,321,270,264,239,162,240,261,240,305,240,354,304,304,343,239,322,263,288,172,304,172,332,263,332,301,240,179,162,262,272,293,240,285,310,162,308,304,239,293,269,300,305,
234,284,172,270,234,266,216,324,234,211,209,266,261,227,270,277,248,128,273,199,273,139,181,140,284,276,140,266,128,284,284,232,177,183,324,211,324,229,284,324,324,189,140,240,247,234,248,172,284,266,250,229,158,240,284,250,289,324,324,278,266,250,284,200,270,324,177,264,284,264,227,211,165,180,234,175,234,128,211,232,229,234,324,266,207,266,218,225,
359,241,241,134,344,262,391,274,127,202,344,241,316,311,318,283,253,170,258,202,253,283,202,359,341,202,316,220,359,359,283,283,245,391,127,391,241,359,391,391,250,202,289,294,256,283,202,359,344,296,282,220,289,359,296,341,391,391,224,344,241,359,262,311,391,283,283,359,283,316,224,241,243,213,220,134,220,127,283,282,167,391,344,220,344,149,241,
279,279,359,152,263,268,359,345,307,129,279,227,359,324,236,270,384,279,384,270,236,307,227,211,307,196,294,299,167,236,236,279,177,345,305,279,256,203,177,284,307,296,307,359,236,307,143,236,304,345,294,345,143,345,229,290,236,345,191,279,289,263,319,177,245,236,213,236,187,345,279,279,359,294,359,294,345,236,294,359,320,261,294,137,345,279,
304,241,275,264,320,241,224,258,261,296,220,241,232,288,149,278,138,278,200,232,177,279,310,194,300,149,279,281,277,200,113,320,245,320,274,279,320,320,128,160,189,198,241,288,224,279,261,201,218,213,218,279,218,322,320,320,311,261,289,279,248,223,320,170,299,279,299,268,218,99,104,241,226,256,189,245,277,177,274,320,261,256,261,266,272,
241,261,179,320,333,224,187,261,113,292,367,372,170,282,278,321,282,247,215,266,292,258,252,220,282,349,279,170,247,311,320,218,355,167,312,320,320,315,277,347,351,319,170,224,279,298,354,340,234,347,279,354,258,341,320,218,268,134,340,198,367,320,304,170,282,170,220,296,299,310,289,221,241,256,218,170,340,241,368,315,189,261,218,170,
344,262,391,256,127,202,344,241,316,296,303,283,253,194,241,177,253,283,202,359,341,202,316,220,359,359,283,283,241,391,149,391,241,359,391,391,234,202,274,279,234,283,202,359,344,281,266,220,274,359,281,341,391,391,245,344,241,359,262,296,391,283,283,359,283,316,202,241,241,189,220,167,220,149,283,266,189,391,344,220,344,177,241,
239,291,344,329,289,143,261,261,344,347,211,249,370,292,370,249,211,289,261,174,289,160,276,322,129,211,211,283,204,329,328,261,283,238,204,286,289,320,324,344,211,289,187,269,327,329,276,329,129,329,194,314,269,329,227,261,313,239,341,204,275,211,247,211,160,329,270,281,344,276,344,276,329,211,312,344,342,286,276,181,329,261,
304,295,240,181,239,169,247,332,337,149,232,294,282,294,189,149,211,263,236,196,196,232,313,263,132,189,273,304,240,319,127,273,304,304,277,226,310,315,280,149,181,263,256,318,303,175,310,263,318,236,304,304,240,239,152,303,128,332,304,264,172,263,172,196,254,257,271,262,162,262,200,240,132,303,262,333,277,162,239,240,127,
391,378,345,271,320,246,391,284,304,312,416,320,416,312,284,345,177,326,345,316,333,177,298,293,284,320,268,378,177,320,177,189,305,324,345,333,345,391,304,345,239,204,333,378,333,378,288,378,337,149,149,378,204,320,177,304,333,247,284,315,178,315,284,378,320,320,391,333,391,333,378,293,333,391,201,204,333,245,378,320,
266,290,344,326,316,177,283,318,253,306,241,202,253,283,224,359,341,238,329,220,359,359,306,283,241,391,282,391,304,359,391,391,234,208,220,202,134,318,266,359,344,220,127,256,134,359,149,350,391,391,340,344,319,359,284,220,391,283,328,359,328,316,177,241,241,189,269,289,234,282,306,220,304,391,344,289,344,296,301,
177,329,218,300,304,310,266,230,187,248,189,230,266,177,345,326,177,300,196,345,345,266,266,234,378,134,378,218,345,378,378,240,181,282,286,245,266,177,345,329,289,274,196,282,345,289,326,378,378,234,329,218,345,240,304,378,266,266,345,266,300,213,218,232,202,196,149,196,134,266,274,177,378,329,196,329,167,218,
289,175,258,327,333,211,226,246,278,246,181,211,204,307,287,187,258,226,308,307,211,211,268,345,177,345,154,307,345,345,272,219,305,310,276,211,153,307,289,313,298,169,305,307,313,287,345,345,199,289,164,307,181,327,345,258,211,307,211,258,247,251,266,236,148,202,192,177,211,298,202,345,289,121,289,177,154,
261,232,344,328,211,249,370,272,370,249,211,289,232,205,289,189,276,303,159,211,211,261,204,329,309,261,261,209,204,266,289,300,305,344,211,289,152,241,307,329,276,329,137,329,224,294,241,329,197,261,293,239,322,204,250,211,218,211,160,329,261,261,344,276,344,276,329,211,293,344,323,266,276,143,329,261,
284,361,366,170,274,278,313,278,236,203,256,284,258,241,220,274,342,279,170,236,304,320,218,348,149,304,320,320,308,270,340,344,311,170,213,279,290,347,333,224,340,279,347,258,334,320,218,261,113,333,185,361,320,296,170,279,170,220,289,291,302,282,210,241,245,218,170,333,241,362,308,177,261,218,155,
316,250,275,208,345,220,345,208,215,258,187,298,258,288,241,213,269,263,179,220,246,300,246,259,187,246,277,227,258,241,258,316,275,258,198,160,241,300,241,300,256,300,310,246,246,300,160,277,198,231,241,246,166,287,187,287,250,300,220,220,316,241,316,241,300,263,241,316,246,160,241,203,300,256,
283,353,255,342,241,255,288,310,274,359,372,284,364,255,359,359,342,288,241,391,319,391,340,359,391,391,234,262,220,202,201,353,304,359,344,220,167,296,149,359,134,382,391,391,373,344,354,359,321,220,391,283,363,359,363,334,234,241,241,245,306,326,281,319,342,220,340,391,344,326,344,333,337,
358,264,348,208,314,294,316,280,250,377,290,369,264,236,352,348,294,222,325,325,284,346,236,284,360,216,270,193,211,283,358,310,305,241,193,266,303,266,343,266,388,284,284,378,279,360,236,327,193,310,232,368,264,368,340,266,239,224,283,312,332,288,325,348,193,346,284,216,332,309,339,343,
264,314,305,314,224,189,243,275,208,229,166,264,334,236,128,224,295,284,266,340,170,295,284,284,299,258,332,336,303,70,211,236,282,339,325,211,332,236,339,208,326,284,266,245,170,325,172,353,284,288,128,265,128,166,280,283,294,283,197,283,232,266,128,325,283,354,299,193,211,266,170,
287,180,287,165,200,170,270,288,170,278,143,270,270,248,165,167,312,230,312,245,270,312,312,172,170,224,231,253,264,189,270,249,234,230,177,230,270,234,300,312,312,289,249,266,270,216,255,312,154,277,270,277,236,230,139,164,253,193,253,149,230,248,213,253,312,249,224,249,234,241,
293,248,287,314,246,384,368,246,345,262,384,384,314,314,284,416,187,416,278,384,416,416,288,246,321,326,291,314,246,384,370,328,314,262,321,384,328,368,416,416,187,370,278,384,294,342,416,314,314,384,314,345,269,278,283,259,262,162,262,187,314,314,162,416,370,262,370,187,278,
278,225,257,205,279,326,219,317,180,279,298,293,225,124,320,269,320,291,279,320,320,103,187,163,171,241,305,248,279,261,174,218,237,218,288,218,338,320,320,328,261,306,279,271,198,320,170,316,279,316,285,218,148,127,241,251,276,216,269,293,145,291,320,261,276,261,283,288,
287,314,246,384,368,246,345,262,384,384,314,314,278,416,213,416,278,384,416,416,273,246,262,246,177,314,246,384,370,262,213,262,224,384,234,368,416,416,289,370,278,384,294,262,416,314,314,384,314,345,187,278,278,162,262,224,262,213,314,262,245,416,370,262,370,234,278,
154,170,270,255,170,241,165,270,270,207,154,211,312,230,312,203,270,312,312,216,170,264,270,253,224,170,270,249,273,254,143,264,270,273,271,312,312,257,249,225,270,172,288,312,200,240,270,240,208,230,191,209,253,143,253,143,230,207,254,253,312,249,179,249,230,200,
211,236,223,211,209,200,290,236,172,149,243,284,266,296,170,243,284,284,248,211,288,293,283,189,211,236,224,295,280,193,288,236,295,241,284,284,266,211,191,280,132,310,284,232,207,236,207,166,266,225,241,283,193,283,193,266,172,280,283,311,249,193,211,266,170,
307,287,126,261,134,307,307,227,211,189,345,189,345,224,307,345,345,196,127,245,252,202,243,167,307,289,255,234,149,245,307,255,287,345,345,274,289,245,307,194,274,345,211,259,307,259,258,177,170,187,202,170,202,121,189,227,234,224,345,289,202,289,213,220,
298,307,288,294,213,269,263,236,279,227,345,222,279,143,177,277,284,307,294,307,359,275,307,198,129,294,345,294,345,256,345,310,199,177,345,153,279,198,263,294,206,236,287,126,287,250,345,279,279,359,294,359,294,345,263,294,359,243,152,294,203,345,279,
287,154,288,355,165,208,255,317,211,326,361,258,318,281,207,321,287,352,357,341,208,287,240,304,359,345,274,352,179,359,130,347,304,326,274,258,346,236,372,232,310,208,288,208,185,326,305,316,341,274,341,274,326,208,345,341,373,321,274,234,326,258,
258,155,307,307,213,211,205,345,177,345,209,307,345,345,211,144,259,266,216,229,143,307,289,269,248,130,259,307,269,287,345,345,263,289,231,307,181,284,345,211,245,307,245,258,181,185,203,202,148,202,121,177,213,248,209,345,289,185,289,198,205,
278,346,187,166,241,308,246,300,351,220,308,272,246,311,273,343,348,316,166,258,225,294,350,336,241,343,187,350,154,337,294,300,263,220,336,196,364,246,300,166,278,166,170,300,295,306,316,241,316,250,300,166,336,316,365,312,241,220,300,220,
294,294,248,193,167,333,213,333,245,294,333,333,172,121,224,231,220,264,189,294,276,234,213,177,224,294,234,300,333,333,289,276,266,294,216,255,333,193,277,294,277,241,196,139,164,220,193,224,149,213,248,213,245,333,276,224,276,234,241,
328,324,268,279,299,345,177,321,181,236,335,284,307,294,307,359,334,307,279,204,294,345,294,345,319,345,366,177,204,356,247,335,126,302,294,284,236,345,227,345,315,345,279,279,359,294,359,294,345,324,294,359,177,175,307,283,345,319,
236,236,289,177,345,334,279,289,246,177,293,307,326,330,359,236,307,198,275,333,345,294,345,126,345,183,320,275,345,236,279,319,263,347,189,281,236,256,236,187,345,279,287,359,294,359,294,345,236,319,359,348,293,294,191,345,279,
207,284,284,266,329,170,284,284,284,288,242,321,326,291,128,211,236,270,328,314,194,321,236,328,208,315,284,266,229,170,314,149,342,284,277,149,249,149,166,269,272,283,283,193,283,216,266,70,314,283,343,288,193,211,266,170,
211,284,266,284,203,236,284,284,216,211,264,270,283,224,211,236,211,273,266,193,266,236,273,271,284,284,266,211,225,254,172,288,284,200,240,236,240,194,266,191,209,283,193,283,193,266,207,254,283,289,217,193,211,266,200,
320,256,320,282,279,320,320,92,173,177,185,241,295,234,279,261,189,218,224,218,279,218,329,320,320,319,261,296,279,259,213,320,170,306,279,306,275,218,130,75,241,237,266,202,256,284,167,282,320,261,266,261,274,279,
378,305,320,256,203,177,324,345,333,345,391,284,345,177,236,333,378,333,378,177,378,229,290,236,378,204,320,289,304,333,134,284,284,213,284,246,378,320,320,391,333,391,333,378,284,333,391,320,261,333,204,378,320,
378,218,345,378,378,261,206,296,301,266,266,177,345,329,304,289,196,296,345,304,326,378,378,213,329,218,345,240,319,378,266,266,345,266,300,234,238,253,224,196,127,196,70,266,289,149,378,329,196,329,134,218,
327,191,245,341,324,345,333,345,391,340,345,285,213,333,378,333,378,324,378,371,134,213,378,255,341,177,308,333,290,284,350,236,350,321,378,320,320,391,333,391,333,378,329,333,391,134,204,333,289,378,325,
282,320,320,285,238,319,323,289,170,177,279,268,326,311,189,319,279,326,258,320,320,218,261,134,312,143,340,320,274,170,279,170,220,266,269,280,256,174,241,213,218,170,311,241,341,285,134,261,218,84,
177,297,284,307,294,307,359,295,307,227,133,294,345,294,345,279,345,329,177,177,345,187,297,167,263,294,234,236,307,167,307,275,345,279,279,359,294,359,294,345,284,294,359,214,129,294,232,345,279,
257,324,345,333,345,391,284,345,177,204,333,378,333,378,232,378,294,224,149,378,204,320,222,304,333,179,284,284,177,284,246,378,320,320,391,333,391,333,378,284,333,391,266,204,333,204,378,320,
324,345,333,345,391,284,345,209,283,340,378,333,378,177,378,207,327,283,378,247,320,326,304,354,202,289,284,266,284,246,378,320,320,391,333,391,333,378,284,333,391,355,300,333,204,378,320,
178,172,179,234,299,240,284,266,183,211,229,211,284,211,333,324,324,322,266,300,284,264,207,324,177,310,284,310,279,211,137,100,234,242,270,207,261,288,159,285,324,266,270,266,278,283,
230,237,202,258,181,307,289,241,219,171,230,307,241,296,345,345,284,289,260,307,210,262,345,211,272,307,272,258,177,154,171,202,185,217,140,206,242,219,238,345,289,217,289,228,235,
121,220,332,282,294,276,113,196,274,196,316,196,364,333,333,354,276,333,294,299,149,333,193,342,294,342,313,202,198,179,220,284,304,256,296,321,113,319,333,276,304,280,311,316,
202,336,286,307,289,121,177,279,177,321,177,368,345,345,358,289,337,307,304,139,345,211,347,307,347,318,209,205,187,220,288,309,263,301,326,130,323,345,289,309,289,316,321,
303,245,359,344,220,149,234,167,359,177,341,391,391,326,344,304,359,269,220,391,283,314,359,314,316,149,241,241,167,248,274,220,266,291,220,289,391,344,274,344,282,286,
211,236,282,339,325,211,332,236,339,208,326,284,266,245,170,325,172,353,284,288,128,265,128,166,280,283,294,283,197,283,232,266,128,325,283,354,299,193,211,266,170,
307,289,289,274,121,282,307,289,287,345,345,234,289,202,307,181,304,345,224,216,307,216,258,213,216,232,202,121,202,149,177,211,274,202,345,289,149,289,177,174,
207,294,345,294,345,181,345,257,270,207,345,158,279,269,263,299,177,236,236,181,236,187,345,279,279,359,294,359,294,345,236,294,359,300,232,294,129,345,279,
276,329,276,329,264,329,316,204,204,329,167,283,187,240,276,215,211,293,136,293,259,329,261,261,344,276,344,276,329,270,276,344,234,139,276,213,329,264,
196,281,196,323,196,370,333,333,361,276,340,294,306,134,333,201,349,294,349,320,213,209,192,223,291,311,266,304,328,134,326,333,276,311,288,319,323,
266,113,345,134,357,378,378,347,329,326,345,291,196,378,266,335,345,335,305,189,218,218,202,276,296,245,289,314,196,311,378,329,296,329,304,309,
274,294,281,274,333,333,245,276,213,294,162,296,333,213,227,294,227,241,202,205,221,220,124,220,134,196,194,266,220,333,276,167,276,196,185,
345,113,364,378,378,354,329,333,345,299,196,378,266,342,345,342,313,202,218,218,213,284,304,256,296,321,196,319,378,329,304,329,311,316,
345,200,310,264,345,222,279,309,263,337,177,271,236,241,236,187,345,279,279,359,294,359,294,345,236,309,359,338,283,294,175,345,279,
370,378,378,361,329,340,345,306,196,378,266,349,345,349,320,213,218,218,223,291,311,266,304,328,196,326,378,329,311,329,319,323,
358,316,326,286,258,357,236,382,250,322,208,300,208,205,326,317,328,341,274,341,278,326,208,357,341,383,333,274,252,326,258,
189,378,234,327,177,304,333,275,284,336,214,336,306,378,320,320,391,333,391,333,378,315,333,391,167,204,333,274,378,320,
378,204,320,187,304,333,215,284,293,177,293,259,378,320,320,391,333,391,333,378,284,333,391,234,204,333,213,378,320,
329,218,347,240,373,378,311,266,345,266,300,304,306,317,296,231,202,266,213,266,347,177,378,329,202,329,189,218,
261,233,239,276,204,211,261,132,261,216,329,261,261,344,276,344,276,329,229,276,344,274,194,276,167,329,261,
326,174,354,320,289,170,279,170,220,282,284,295,274,198,241,234,218,170,326,241,355,300,167,261,218,139,
292,294,274,236,335,213,335,305,345,279,279,359,294,359,294,345,314,294,359,177,158,297,273,345,309,
321,304,248,189,263,189,196,240,241,257,262,162,262,181,240,149,291,262,322,265,162,239,240,139,
333,223,363,294,363,334,234,231,215,245,306,326,281,319,342,167,340,333,276,326,303,333,337,
284,284,189,284,246,378,320,320,391,333,391,333,378,284,333,391,305,240,333,204,378,320,
299,236,299,268,266,170,170,283,226,283,193,266,277,193,283,284,211,256,222,266,272,
277,70,169,291,294,305,284,214,283,248,266,149,335,283,364,310,193,218,266,170,
277,236,345,279,279,359,294,359,294,345,249,294,359,257,172,294,187,345,279,
169,291,294,305,284,214,283,248,266,149,335,283,364,310,193,218,266,170,
300,261,274,316,241,316,241,300,166,305,316,335,279,241,171,300,220,
218,218,127,216,245,196,234,269,196,266,378,329,245,329,256,263,
128,241,219,248,181,238,272,185,269,320,261,248,261,259,266,
241,235,264,199,253,283,169,280,320,261,264,261,273,278,
220,234,220,224,283,220,256,391,344,234,344,245,252,
220,154,196,193,276,220,333,276,144,276,196,171,
220,127,283,296,134,391,344,220,344,127,241,
196,216,245,220,333,276,189,276,202,209,
266,289,149,378,329,196,329,134,218,
314,283,343,288,193,211,266,170,
311,333,276,296,276,304,309,
391,344,220,344,127,241,
209,333,304,378,339,
276,238,329,283,
276,196,130,
329,261,
218