NAME = AISearchfile026,
SIZE = 26,
95,88,99,103,36,64,130,98,133,140,178,96,18,68,100,153,98,102,78,36,56,88,92,111,111,
91,92,151,35,93,81,44,74,144,154,93,39,63,169,80,88,37,87,91,46,75,59,113,125,
83,139,42,65,37,62,63,107,186,68,11,40,81,89,90,42,109,34,62,87,133,53,148,
77,11,89,107,54,142,160,190,122,11,95,84,146,89,86,98,67,26,124,47,122,100,
11,54,79,70,61,102,157,93,9,76,116,85,82,43,100,55,49,74,64,94,141,
34,107,59,92,77,102,63,83,34,65,54,39,62,29,24,93,34,53,90,64,
51,114,98,163,205,62,37,62,135,91,95,66,77,82,63,68,55,93,139,
95,128,161,197,182,9,99,51,148,130,121,190,103,58,160,27,190,181,
110,140,212,68,22,66,84,103,110,100,82,74,52,62,71,83,122,
230,257,155,44,117,78,181,141,159,125,156,87,152,68,173,188,
220,223,50,172,158,222,129,206,193,198,136,228,135,185,179,
241,51,210,196,280,189,250,278,223,128,272,186,268,127,
68,130,71,124,86,148,147,156,46,160,30,157,197,
23,26,22,20,73,13,15,40,33,42,26,93,
71,156,31,127,135,81,27,117,20,148,116,
91,58,54,87,78,61,64,72,116,109,
119,175,165,135,112,172,106,180,188,
93,74,76,75,70,71,92,132,
139,152,53,112,56,181,155,
128,38,185,39,180,194,
31,127,32,156,136,
26,129,87,65,
96,147,202,
64,80,
157