NAME = AISearchfile042,
SIZE = 42,
44,66,21,147,46,18,25,110,105,185,79,179,42,122,107,102,76,146,70,60,57,33,64,66,159,40,98,61,48,155,51,83,60,71,70,74,47,35,60,133,36,
50,65,34,48,20,20,30,109,38,115,43,83,141,90,46,43,103,53,92,36,28,113,81,71,34,136,64,36,49,91,51,91,99,61,31,105,51,62,60,24,
117,50,96,3,15,48,77,48,110,34,43,34,115,93,30,30,97,105,71,9,192,63,36,32,45,42,44,32,113,91,50,83,91,41,186,97,72,33,36,
125,33,6,15,144,62,157,79,156,45,67,67,171,35,97,53,91,30,27,12,62,95,38,60,33,45,139,87,166,40,82,59,18,3,29,66,113,45,
178,5,27,85,59,114,28,118,32,63,48,80,78,69,77,64,172,55,188,43,84,59,57,75,27,73,51,44,49,36,72,90,176,151,45,78,69,
12,29,176,73,151,64,131,38,102,67,137,34,108,72,73,45,24,41,75,135,54,103,20,49,163,53,99,34,69,54,41,41,35,46,159,34,
8,29,35,21,11,30,8,27,40,8,21,21,5,20,17,45,6,20,31,15,10,11,17,22,12,11,12,23,10,9,25,9,6,26,9,
32,76,49,26,50,28,31,49,37,14,48,15,21,13,39,32,24,26,21,41,23,20,45,30,12,15,41,17,30,32,21,18,43,47,
22,89,35,44,26,28,23,77,62,34,102,63,136,54,180,105,41,99,29,60,88,48,66,89,44,69,74,83,144,176,56,53,81,
60,185,78,93,170,181,29,101,101,150,119,99,85,107,144,138,120,187,113,124,106,126,47,123,140,142,85,88,65,135,140,99,
50,117,36,68,61,36,89,83,49,47,172,70,167,42,80,30,62,86,60,122,53,46,63,34,82,130,182,129,77,77,62,
84,108,124,145,77,79,111,66,88,65,46,77,117,129,61,146,67,68,105,75,116,86,108,71,86,108,70,77,126,51,
51,94,77,40,121,96,64,46,148,68,140,56,94,58,80,97,87,137,56,46,76,77,65,164,161,161,90,139,36,
140,126,22,44,142,64,42,30,28,111,60,106,27,112,97,36,63,85,38,89,88,66,41,83,46,39,75,31,
120,21,136,142,110,59,121,34,90,115,178,72,161,104,90,123,96,27,123,130,104,134,78,101,105,142,62,
40,75,104,108,115,71,63,114,104,143,88,191,90,99,106,98,78,109,149,114,84,101,65,106,130,84,
44,19,84,62,98,40,147,111,27,87,14,56,107,   



                46,71,87,39,114,64,64,164,171,96,34,60,
108,50,23,46,14,61,54,127,39,124,74,43,159,35,39,81,81,42,67,55,18,46,155,23,
85,46,124,53,87,91,174,59,146,128,51,120,71,32,150,97,86,146,86,102,75,186,29,
79,67,22,98,81,118,25,142,62,20,86,62,66,78,107,62,47,86,58,66,118,31,
52,33,186,98,48,42,85,56,36,49,111,106,55,66,59,32,147,93,31,54,28,
23,53,63,147,37,97,41,38,126,47,93,25,59,62,59,37,37,46,158,43,
38,35,35,49,81,25,21,42,29,39,24,46,26,24,41,38,17,58,37,
92,90,60,94,66,77,124,150,166,84,86,80,61,5,55,74,119,48,
117,50,156,82,44,104,85,84,71,103,81,52,80,78,40,128,41,
54,133,155,84,165,59,29,155,123,107,114,116,118,83,185,46,
105,40,61,82,39,47,44,63,15,32,71,41,60,69,50,
128,125,124,130,36,100,150,137,111,84,71,130,143,90,
53,126,63,49,95,76,59,69,58,34,49,160,29,
93,53,75,39,72,60,49,64,62,58,72,62,
61,30,87,110,97,160,134,163,71,164,62,
69,55,98,38,25,109,70,47,57,42,
34,112,98,46,188,134,95,28,36,
62,52,42,63,36,49,120,35,
62,59,88,84,67,124,57,
51,92,50,59,93,20,
57,26,53,133,24,
11,71,119,54,
56,139,32,
101,16,
58